fundopersonagem: .word 20, 20
.byte 31,31,31,31,31,31,31,31,31,31,31,31,31,31,31,31,31,31,31,31,
31,31,31,31,31,31,31,31,31,31,31,31,31,31,31,31,31,31,31,31,
31,31,31,31,31,31,31,31,31,31,31,31,31,31,31,31,31,31,31,31,
31,31,31,31,31,31,31,31,31,31,31,31,31,31,31,31,31,31,31,31,
31,31,31,31,31,31,31,31,31,31,31,31,31,31,31,31,31,31,31,31,
31,31,31,31,31,31,31,31,31,31,31,31,31,31,31,31,31,31,31,31,
31,31,31,31,31,31,31,31,31,31,31,31,31,31,31,31,31,31,31,31,
31,31,31,31,31,31,31,31,31,31,31,31,31,31,31,31,31,31,31,31,
31,31,31,31,31,31,31,31,31,31,31,31,31,31,31,31,31,31,31,31,
31,31,31,31,31,31,31,31,31,31,31,31,31,31,31,31,31,31,31,31,
31,31,31,31,31,31,31,31,31,31,31,31,31,31,31,31,31,31,31,31,
31,31,31,31,31,31,31,31,31,31,31,31,31,31,31,31,31,31,31,31,
31,31,31,31,31,31,31,31,31,31,31,31,31,31,31,31,31,31,31,31,
31,31,31,31,31,31,31,31,31,31,31,31,31,31,31,31,31,31,31,31,
31,31,31,31,31,31,31,31,31,31,31,31,31,31,31,31,31,31,31,31,
31,31,31,31,31,31,31,31,31,31,31,31,31,31,31,31,31,31,31,31,
31,31,31,31,31,31,31,31,31,31,31,31,31,31,31,31,31,31,31,31,
31,31,31,31,31,31,31,31,31,31,31,31,31,31,31,31,31,31,31,31,
31,31,31,31,31,31,31,31,31,31,31,31,31,31,31,31,31,31,31,31,
31,31,31,31,31,31,31,31,31,31,31,31,31,31,31,31,31,31,31,31,