cerca_2_colisao: .word 40, 50
.byte 199,199,199,199,199,199,199,199,199,199,199,199,199,199,199,199,199,199,199,199,199,199,199,199,199,199,199,199,199,199,199,199,199,199,199,199,199,199,199,199,
199,199,199,199,199,199,199,199,199,199,199,199,199,199,199,199,199,199,199,199,199,199,199,199,199,199,199,199,199,199,199,199,199,199,199,199,199,199,199,199,
199,199,199,199,199,199,199,199,199,199,199,199,199,199,199,199,199,199,199,199,199,199,199,199,199,199,199,199,199,199,199,199,199,199,199,199,199,199,199,199,
199,199,199,199,199,199,199,199,199,199,199,199,199,199,199,199,199,199,199,199,199,199,199,199,199,199,199,199,199,199,199,199,199,199,199,199,199,199,199,199,
199,199,199,199,199,199,199,199,199,199,199,199,199,199,199,199,199,199,199,199,199,199,199,199,199,199,199,199,199,199,199,199,199,199,199,199,199,199,199,199,
199,199,199,199,199,199,199,199,199,199,199,199,199,199,199,199,199,199,199,199,199,199,199,199,199,199,199,199,199,199,199,199,199,199,199,199,199,199,199,199,
199,199,199,199,199,199,199,199,199,199,199,199,199,199,199,199,199,199,199,199,199,199,199,199,199,199,199,199,199,199,199,199,199,199,199,199,199,199,199,199,
199,199,199,199,199,199,199,199,199,199,199,199,199,199,199,199,199,199,199,199,199,199,199,199,199,199,199,199,199,199,199,199,199,199,199,199,199,199,199,199,
199,199,199,199,199,199,199,199,199,199,199,199,199,199,199,199,199,199,199,199,199,199,199,199,199,199,199,199,199,199,199,199,199,199,199,199,199,199,199,199,
199,199,199,199,199,199,199,199,199,199,199,199,199,199,199,199,199,199,199,199,199,199,199,199,199,199,199,199,199,199,199,199,199,199,199,199,199,199,199,199,
199,199,199,199,199,199,199,199,199,199,199,199,199,199,199,199,199,199,199,199,199,199,199,199,199,199,199,199,199,199,199,199,199,199,199,199,199,199,199,199,
199,199,199,199,199,199,199,199,199,199,199,199,199,199,199,199,199,199,199,199,199,199,199,199,199,199,199,199,199,199,199,199,199,199,199,199,199,199,199,199,
199,199,199,199,199,199,199,199,199,199,199,199,199,199,199,199,199,199,199,199,199,199,199,199,199,199,199,199,199,199,199,199,199,199,199,199,199,199,199,199,
199,199,199,199,199,199,199,199,199,199,199,199,199,199,199,199,199,199,199,199,199,199,199,199,199,199,199,199,199,199,199,199,199,199,199,199,199,199,199,199,
146,146,146,146,146,146,146,146,146,146,146,146,146,146,146,146,146,146,146,146,146,146,146,146,146,146,146,146,146,146,146,146,146,146,146,146,146,146,146,146,
146,146,146,146,146,146,146,146,146,146,146,146,146,146,146,146,146,146,146,146,146,146,146,146,146,146,146,146,146,146,146,146,146,146,146,146,146,146,146,146,
146,146,146,146,146,146,146,146,146,146,146,146,146,146,146,146,146,146,146,146,146,146,146,146,146,146,146,146,146,146,146,146,146,146,146,146,146,146,146,146,
146,146,146,146,146,146,146,146,146,146,146,146,146,146,146,146,146,146,146,146,146,146,146,146,146,146,146,146,146,146,146,146,146,146,146,146,146,146,146,146,
199,199,199,199,199,199,199,199,199,199,199,199,199,199,199,199,199,199,199,199,199,199,199,199,199,199,199,199,199,199,199,199,199,199,199,199,199,199,199,199,
199,199,199,199,199,199,199,199,199,199,199,199,199,199,199,199,199,199,199,199,199,199,199,199,199,199,199,199,199,199,199,199,199,199,199,199,199,199,199,199,
199,199,199,199,199,199,199,199,199,199,199,199,199,199,199,199,199,199,199,199,199,199,199,199,199,199,199,199,199,199,199,199,199,199,199,199,199,199,199,199,
199,199,199,199,199,199,199,199,199,199,199,199,199,199,199,199,199,199,199,199,199,199,199,199,199,199,199,199,199,199,199,199,199,199,199,199,199,199,199,199,
199,199,199,199,199,199,199,199,199,199,199,199,199,199,199,199,199,199,199,199,199,199,199,199,199,199,199,199,199,199,199,199,199,199,199,199,199,199,199,199,
199,199,199,199,199,199,199,199,199,199,199,199,199,199,199,199,199,199,199,199,199,199,199,199,199,199,199,199,199,199,199,199,199,199,199,199,199,199,199,199,
199,199,199,199,199,199,199,199,199,199,199,199,199,199,199,199,199,199,199,199,199,199,199,199,199,199,199,199,199,199,199,199,199,199,199,199,199,199,199,199,
199,199,199,199,199,199,199,199,199,199,199,199,199,199,199,199,199,199,199,199,199,199,199,199,199,199,199,199,199,199,199,199,199,199,199,199,199,199,199,199,
199,199,199,199,199,199,199,199,199,199,199,199,199,199,199,199,199,199,199,199,199,199,199,199,199,199,199,199,199,199,199,199,199,199,199,199,199,199,199,199,
199,199,199,199,199,199,199,199,199,199,199,199,199,199,199,199,199,199,199,199,199,199,199,199,199,199,199,199,199,199,199,199,199,199,199,199,199,199,199,199,
199,199,199,199,199,199,199,199,199,199,199,199,199,199,199,199,199,199,199,199,199,199,199,199,199,199,199,199,199,199,199,199,199,199,199,199,199,199,199,199,
199,199,199,199,199,199,199,199,199,199,199,199,199,199,199,199,199,199,199,199,199,199,199,199,199,199,199,199,199,199,199,199,199,199,199,199,199,199,199,199,
199,199,199,199,199,199,199,199,199,199,199,199,199,199,199,199,199,199,199,199,199,199,199,199,199,199,199,199,199,199,199,199,199,199,199,199,199,199,199,199,
199,199,199,199,199,199,199,199,199,199,199,199,199,199,199,199,199,199,199,199,199,199,199,199,199,199,199,199,199,199,199,199,199,199,199,199,199,199,199,199,
199,199,199,199,199,199,199,199,199,199,199,199,199,199,199,199,199,199,199,199,199,199,199,199,199,199,199,199,199,199,199,199,199,199,199,199,199,199,199,199,
199,199,199,199,199,199,199,199,199,199,199,199,199,199,199,199,199,199,199,199,199,199,199,199,199,199,199,199,199,199,199,199,199,199,199,199,199,199,199,199,
199,199,199,199,199,199,199,199,199,199,199,199,199,199,199,199,199,199,199,199,199,199,199,199,199,199,199,199,199,199,199,199,199,199,199,199,199,199,199,199,
146,146,146,146,146,146,146,146,146,146,146,146,146,146,146,146,146,146,146,146,146,146,146,146,146,146,146,146,146,146,146,146,146,146,146,146,146,146,146,146,
146,146,146,146,146,146,146,146,146,146,146,146,146,146,146,146,146,146,146,146,146,146,146,146,146,146,146,146,146,146,146,146,146,146,146,146,146,146,146,146,
146,146,146,146,146,146,146,146,146,146,146,146,146,146,146,146,146,146,146,146,146,146,146,146,146,146,146,146,146,146,146,146,146,146,146,146,146,146,146,146,
146,146,146,146,146,146,146,146,146,146,146,146,146,146,146,146,146,146,146,146,146,146,146,146,146,146,146,146,146,146,146,146,146,146,146,146,146,146,146,146,
199,199,199,199,199,199,199,199,199,199,199,199,199,199,199,199,199,199,199,199,199,199,199,199,199,199,199,199,199,199,199,199,199,199,199,199,199,199,199,199,
199,199,199,199,199,199,199,199,199,199,199,199,199,199,199,199,199,199,199,199,199,199,199,199,199,199,199,199,199,199,199,199,199,199,199,199,199,199,199,199,
199,199,199,199,199,199,199,199,199,199,199,199,199,199,199,199,199,199,199,199,199,199,199,199,199,199,199,199,199,199,199,199,199,199,199,199,199,199,199,199,
199,199,199,199,199,199,199,199,199,199,199,199,199,199,199,199,199,199,199,199,199,199,199,199,199,199,199,199,199,199,199,199,199,199,199,199,199,199,199,199,
199,199,199,199,199,199,199,199,199,199,199,199,199,199,199,199,199,199,199,199,199,199,199,199,199,199,199,199,199,199,199,199,199,199,199,199,199,199,199,199,
199,199,199,199,199,199,199,199,199,199,199,199,199,199,199,199,199,199,199,199,199,199,199,199,199,199,199,199,199,199,199,199,199,199,199,199,199,199,199,199,
199,199,199,199,199,199,199,199,199,199,199,199,199,199,199,199,199,199,199,199,199,199,199,199,199,199,199,199,199,199,199,199,199,199,199,199,199,199,199,199,
199,199,199,199,199,199,199,199,199,199,199,199,199,199,199,199,199,199,199,199,199,199,199,199,199,199,199,199,199,199,199,199,199,199,199,199,199,199,199,199,
199,199,199,199,199,199,199,199,199,199,199,199,199,199,199,199,199,199,199,199,199,199,199,199,199,199,199,199,199,199,199,199,199,199,199,199,199,199,199,199,
199,199,199,199,199,199,199,199,199,199,199,199,199,199,199,199,199,199,199,199,199,199,199,199,199,199,199,199,199,199,199,199,199,199,199,199,199,199,199,199,
199,199,199,199,199,199,199,199,199,199,199,199,199,199,199,199,199,199,199,199,199,199,199,199,199,199,199,199,199,199,199,199,199,199,199,199,199,199,199,199,
