ContagemDpontos: .word 124, 134
.byte 199,199,199,199,199,199,199,199,199,199,199,199,199,199,199,199,199,199,199,199,199,199,199,199,199,199,199,199,199,199,199,199,199,199,199,199,199,199,199,199,199,199,199,199,199,199,199,199,199,199,199,199,199,199,199,199,199,199,199,199,199,199,199,199,199,199,199,199,199,199,199,199,199,199,199,199,199,199,199,199,199,199,199,199,199,199,199,199,199,199,199,199,199,199,199,199,199,199,199,199,199,199,199,199,199,199,199,199,199,199,199,199,199,199,199,199,199,199,199,199,199,199,199,199,
199,199,199,199,199,199,199,199,199,199,199,199,199,199,199,199,199,199,199,199,199,199,199,199,199,199,199,199,199,199,199,199,199,199,199,199,199,199,199,199,199,199,199,199,199,199,199,199,199,199,199,199,199,199,199,199,199,199,199,199,199,199,199,199,199,199,199,199,199,199,199,199,199,199,199,199,199,199,199,199,199,199,199,199,199,199,199,199,199,199,199,199,199,199,199,199,199,199,199,199,199,199,199,199,199,199,199,199,199,199,199,199,199,199,199,199,199,199,199,199,199,199,199,199,
199,199,199,199,199,199,199,199,199,199,199,199,199,199,199,199,199,199,199,199,199,199,199,199,199,199,199,199,199,199,199,199,199,199,199,199,199,199,199,199,199,199,199,199,199,199,199,199,199,199,199,199,199,199,199,199,199,199,199,199,199,199,199,199,199,199,199,199,199,199,199,199,199,199,199,199,199,199,199,199,199,199,199,199,199,199,199,199,199,199,199,199,199,199,199,199,199,199,199,199,199,199,199,199,199,199,199,199,199,199,199,199,199,199,199,199,199,199,199,199,199,199,199,199,
199,199,199,0,0,0,199,199,91,0,0,199,199,199,199,0,0,0,0,0,0,199,199,199,199,199,199,82,82,82,199,199,73,82,82,199,199,199,199,199,199,199,74,0,0,0,0,0,0,199,199,199,199,199,199,0,0,199,199,199,199,199,199,199,199,199,199,199,199,199,199,199,199,199,199,199,199,199,199,199,199,199,199,199,199,199,199,199,199,199,199,199,199,199,199,199,199,199,199,199,199,199,199,199,199,199,199,199,199,199,199,199,199,199,199,199,199,199,199,199,199,199,199,199,
199,199,0,199,199,199,0,0,164,191,199,0,199,199,199,0,191,191,191,191,199,9,155,199,199,199,199,0,0,9,199,199,0,0,0,199,199,199,199,199,199,0,173,191,191,191,191,191,199,0,199,199,199,0,0,191,191,0,199,199,199,199,199,199,199,199,199,199,199,199,199,199,199,199,199,199,199,199,199,199,199,199,199,199,199,199,199,199,199,199,199,199,199,199,199,199,199,199,199,199,199,199,199,199,199,199,199,199,199,199,199,199,199,199,199,199,199,199,199,199,199,199,199,199,
199,199,0,191,183,118,0,0,101,118,118,0,0,82,199,0,0,109,118,118,1,9,0,0,199,199,0,191,191,182,0,0,199,182,199,9,199,199,199,199,0,191,182,118,118,118,118,118,118,0,1,199,199,0,0,191,118,0,0,0,199,199,199,199,199,199,199,199,199,199,199,199,199,199,199,199,199,199,199,199,199,199,199,199,199,199,199,199,199,199,199,199,199,199,199,199,199,199,199,199,199,199,199,199,199,199,199,199,199,199,199,199,199,199,199,199,199,199,199,199,199,199,199,199,
199,199,0,191,119,119,18,0,100,119,119,0,0,82,199,199,0,109,119,119,0,0,9,73,199,199,0,183,118,109,0,0,183,118,182,0,0,199,199,199,0,182,118,110,109,109,109,109,109,0,0,199,199,0,0,119,118,0,0,0,199,199,199,199,199,199,199,199,199,199,199,199,199,199,199,199,199,199,199,199,199,199,199,199,199,199,199,199,199,199,199,199,199,199,199,199,199,199,199,199,199,199,199,199,199,199,199,199,199,199,199,199,199,199,199,199,199,199,199,199,199,199,199,199,
199,199,0,118,118,118,118,1,100,119,119,0,0,91,199,199,0,109,119,119,0,0,0,0,199,199,0,118,119,110,0,0,119,119,118,0,0,199,199,199,0,118,118,28,0,0,0,0,0,0,0,199,199,0,9,118,118,1,0,0,199,199,199,199,199,199,199,199,199,199,199,199,199,199,199,199,199,199,199,199,199,199,199,199,199,199,199,199,199,199,199,199,199,199,199,199,199,199,199,199,199,199,199,199,199,199,199,199,199,199,199,199,199,199,199,199,199,199,199,199,199,199,199,199,
199,199,0,191,119,119,118,1,101,118,118,0,0,91,199,199,0,109,119,119,0,0,0,199,199,199,0,118,119,110,0,0,119,119,118,0,0,199,199,199,0,183,118,28,0,0,0,0,0,0,199,199,199,0,1,191,118,0,0,0,199,199,199,199,199,199,199,199,199,199,199,199,199,199,199,199,199,199,199,199,199,199,199,199,199,199,199,199,199,199,199,199,199,199,199,199,199,199,199,199,199,199,199,199,199,199,199,199,199,199,199,199,199,199,199,199,199,199,199,199,199,199,199,199,
199,199,0,118,118,119,118,119,119,119,118,0,0,91,199,199,0,109,119,119,0,0,0,199,199,199,0,191,118,109,0,0,119,119,118,0,0,199,199,199,0,118,118,119,119,119,119,91,0,199,199,199,199,0,9,118,119,0,0,0,199,199,199,199,199,199,199,199,199,1,0,199,199,199,199,199,199,199,199,199,199,199,199,199,199,199,199,199,199,199,199,199,199,199,199,199,199,199,199,199,199,199,199,199,199,199,199,199,199,199,199,199,199,199,199,199,199,199,199,199,199,199,199,199,
199,199,0,118,119,118,119,118,119,119,118,0,0,91,199,199,0,109,119,119,0,0,0,199,199,199,0,118,119,109,0,0,119,119,110,0,0,199,199,199,0,119,119,119,119,119,119,91,0,199,199,199,199,0,9,119,119,0,0,0,199,199,199,199,199,199,199,199,19,102,118,0,199,199,199,199,199,199,199,199,199,199,199,199,199,199,199,199,199,199,199,199,199,199,199,199,199,199,199,199,199,199,199,199,199,199,199,199,199,199,199,199,199,199,199,199,199,199,199,199,199,199,199,199,
199,199,0,119,119,118,118,119,119,119,118,0,0,91,199,199,0,109,119,119,0,0,0,199,199,199,0,118,119,119,110,110,119,119,118,0,0,199,199,199,0,111,119,118,110,110,118,91,0,0,199,199,199,0,1,119,118,0,0,0,199,199,199,199,199,199,199,0,11,30,102,0,199,199,199,199,199,199,199,199,199,199,199,199,199,199,199,199,199,199,199,199,199,199,199,199,199,199,199,199,199,199,199,199,199,199,199,199,199,199,199,199,199,199,199,199,199,199,199,199,199,199,199,199,
199,199,0,102,111,119,0,119,111,102,119,0,0,91,199,199,0,109,119,102,0,0,0,199,199,199,199,19,119,111,46,119,46,19,83,0,0,199,199,199,0,102,111,92,0,0,0,0,0,0,199,199,199,0,1,38,119,0,0,0,199,199,199,199,199,199,199,9,83,85,93,0,199,199,199,199,199,199,199,199,199,199,199,199,199,199,199,199,199,199,199,199,199,199,199,199,199,199,199,199,199,199,199,199,199,199,199,199,199,199,199,199,199,199,199,199,199,199,199,199,199,199,199,199,
199,199,0,119,111,102,0,102,111,111,38,0,0,91,199,199,0,93,38,119,0,0,0,199,199,199,199,0,119,111,38,111,38,1,0,0,0,199,199,199,0,119,46,20,0,0,0,0,0,199,199,199,199,0,1,119,102,1,0,0,0,0,199,199,199,199,199,199,199,9,0,0,199,199,199,199,199,199,199,199,199,199,199,199,199,199,199,199,199,199,199,199,199,199,199,199,199,199,199,199,199,199,199,199,199,199,199,199,199,199,199,199,199,199,199,199,199,199,199,199,199,199,199,199,
199,199,0,102,111,119,0,1,84,102,119,0,0,91,199,199,0,101,119,103,1,0,0,199,199,199,199,0,101,38,119,103,119,1,0,0,199,199,199,199,1,102,111,110,102,119,102,111,183,0,199,199,199,0,1,102,119,102,119,119,102,118,9,0,199,199,199,199,199,199,199,199,199,199,199,199,199,199,199,199,199,199,199,199,199,199,199,199,199,199,199,199,199,199,199,199,199,199,199,199,199,199,199,199,199,199,199,199,199,199,199,199,199,199,199,199,199,199,199,199,199,199,199,199,
199,199,0,94,103,111,0,0,83,103,111,0,0,91,199,199,10,110,111,103,10,0,0,199,199,199,199,199,0,10,38,119,0,0,0,0,199,199,199,199,10,92,111,111,103,111,103,111,111,0,199,199,199,73,10,93,111,103,111,111,103,111,1,0,199,199,199,199,199,1,0,199,199,199,199,199,199,199,199,199,199,199,199,199,199,199,199,199,199,199,199,199,199,199,199,199,199,199,199,199,199,199,199,199,199,199,199,199,199,199,199,199,199,199,199,199,199,199,199,199,199,199,199,199,
199,199,0,94,94,102,0,1,84,94,102,0,0,91,199,1,94,94,94,94,102,18,0,199,199,199,199,199,0,10,30,102,0,0,9,199,199,199,199,199,199,0,93,94,94,103,94,94,102,0,0,199,199,199,199,1,102,94,102,103,94,102,1,0,0,199,199,199,19,102,118,0,199,199,199,199,199,199,199,199,199,199,199,199,199,199,199,199,199,199,199,199,199,199,199,199,199,199,199,199,199,199,199,199,199,199,199,199,199,199,199,199,199,199,199,199,199,199,199,199,199,199,199,199,
199,199,199,0,0,0,0,0,0,0,0,0,0,199,199,199,0,0,0,0,0,0,0,0,199,199,199,199,0,1,94,102,0,0,0,199,199,199,199,199,199,199,82,0,1,0,0,0,0,0,0,199,199,199,199,199,0,0,0,0,0,1,0,0,0,199,199,0,11,30,102,0,199,199,199,199,199,199,199,199,199,199,199,199,199,199,199,199,199,199,199,199,199,199,199,199,199,199,199,199,199,199,199,199,199,199,199,199,199,199,199,199,199,199,199,199,199,199,199,199,199,199,199,199,
199,199,199,199,0,0,0,199,199,0,0,0,199,199,199,199,199,82,0,0,0,0,0,199,199,199,199,199,199,199,0,1,0,0,0,199,199,199,199,199,199,199,199,0,0,0,0,0,0,0,199,199,199,199,199,199,199,0,0,0,0,0,0,0,199,199,199,9,83,85,93,0,199,199,199,199,199,199,199,199,199,199,199,199,199,199,199,199,199,199,199,199,199,199,199,199,199,199,199,199,199,199,199,199,199,199,199,199,199,199,199,199,199,199,199,199,199,199,199,199,199,199,199,199,
199,199,199,199,0,73,82,199,199,0,82,82,199,199,199,199,199,82,74,73,73,73,199,199,199,199,199,199,199,199,199,0,0,199,199,199,199,199,199,199,199,199,199,199,73,73,82,82,82,82,199,199,199,199,199,199,199,73,73,73,73,73,73,73,199,199,199,199,199,9,0,0,199,199,199,199,199,199,199,199,199,199,199,199,199,199,199,199,199,199,199,199,199,199,199,199,199,199,199,199,199,199,199,199,199,199,199,199,199,199,199,199,199,199,199,199,199,199,199,199,199,199,199,199,
199,199,199,199,199,199,199,199,199,199,199,199,199,199,199,199,199,199,199,199,199,199,199,199,199,199,199,199,199,199,199,199,199,199,199,199,199,199,199,199,199,199,199,199,199,199,199,199,199,199,199,199,199,199,199,199,199,199,199,199,199,199,199,199,199,199,199,199,199,199,199,199,199,199,199,199,199,199,199,199,199,199,199,199,199,199,199,199,199,199,199,199,199,199,199,199,199,199,199,199,199,199,199,199,199,199,199,199,199,199,199,199,199,199,199,199,199,199,199,199,199,199,199,199,
199,199,199,199,199,199,199,199,199,199,199,199,199,199,199,199,199,199,199,199,199,199,199,199,199,199,199,199,199,199,199,199,199,199,199,199,199,199,199,199,199,199,199,199,199,199,199,199,199,199,199,199,199,199,199,199,199,199,199,199,199,199,199,199,199,199,199,199,199,199,199,199,199,199,199,199,199,199,199,199,199,199,199,199,199,199,199,199,199,199,199,199,199,199,199,199,199,199,199,199,199,199,199,199,199,199,199,199,199,199,199,199,199,199,199,199,199,199,199,199,199,199,199,199,
199,199,199,199,199,199,199,199,199,199,199,199,199,199,199,199,199,199,199,199,199,199,199,199,199,199,199,199,199,199,199,199,199,199,199,199,199,199,199,199,199,199,199,199,199,199,199,199,199,199,199,199,199,199,199,199,199,199,199,199,199,199,199,199,199,199,199,199,199,199,199,199,199,199,199,199,199,199,199,199,199,199,199,199,199,199,199,199,199,199,199,199,199,199,199,199,199,199,199,199,199,199,199,199,199,199,199,199,199,199,199,199,199,199,199,199,199,199,199,199,199,199,199,199,
199,199,199,199,199,199,199,199,199,199,199,199,199,199,199,199,199,199,199,199,199,199,199,199,199,199,199,199,199,199,199,199,199,199,199,199,199,199,199,199,199,199,199,199,199,199,199,199,199,199,199,199,199,199,199,199,199,199,199,199,199,199,199,199,199,199,199,199,199,199,199,199,199,199,199,199,199,199,199,199,199,199,199,199,199,199,199,199,199,199,199,199,199,199,199,199,199,199,199,199,199,199,199,199,199,199,199,199,199,199,199,199,199,199,199,199,199,199,199,199,199,199,199,199,
199,199,199,199,199,199,199,199,199,199,199,199,199,199,199,199,199,199,199,199,199,199,199,199,199,199,199,199,199,199,199,199,199,199,199,199,199,199,199,199,199,199,199,199,199,199,199,199,199,199,199,199,199,199,199,199,199,199,199,199,199,199,199,199,199,199,199,199,199,199,199,199,199,199,199,199,199,199,199,199,199,199,199,199,199,199,199,199,199,199,199,199,199,199,199,199,199,199,199,199,199,199,199,199,199,199,199,199,199,199,199,199,199,199,199,199,199,199,199,199,199,199,199,199,
199,199,199,199,199,199,199,199,199,199,199,199,199,199,199,199,199,199,199,199,199,199,199,199,199,199,199,199,199,199,199,199,199,199,199,199,199,199,199,199,199,199,199,199,199,199,199,199,199,199,199,199,199,199,199,199,199,199,199,199,199,199,199,199,199,199,199,199,199,199,199,199,199,199,199,199,199,199,199,199,199,199,199,199,199,199,199,199,199,199,199,199,199,199,199,199,199,199,199,199,199,199,199,199,199,199,199,199,199,199,199,199,199,199,199,199,199,199,199,199,199,199,199,199,
199,199,199,199,199,199,199,199,199,199,199,199,199,199,199,199,199,199,199,199,199,199,199,199,199,199,199,199,199,199,199,199,199,199,199,199,199,199,199,199,199,199,199,199,199,199,199,199,199,199,199,199,199,199,199,199,199,199,199,199,199,199,199,199,199,199,199,199,199,199,199,199,199,199,199,199,199,199,199,199,199,199,199,199,199,199,199,199,199,199,199,199,199,199,199,199,199,199,199,199,199,199,199,199,199,199,199,199,199,199,199,199,199,199,199,199,199,199,199,199,199,199,199,199,
199,199,199,199,199,199,199,199,199,199,199,199,199,199,199,199,199,199,199,199,199,199,199,199,199,199,199,199,199,199,199,199,199,199,199,199,199,199,199,199,199,199,199,199,199,199,199,199,199,199,199,199,199,199,199,199,199,199,199,199,199,199,199,199,199,199,199,199,199,199,199,199,199,199,199,199,199,199,199,199,199,199,199,199,199,199,199,199,199,199,199,199,199,199,199,199,199,199,199,199,199,199,199,199,199,199,199,199,199,199,199,199,199,199,199,199,199,199,199,199,199,199,199,199,
199,199,199,199,0,0,0,0,0,9,199,199,199,199,199,199,199,0,0,0,0,0,199,199,199,199,199,199,199,199,0,0,199,199,199,199,199,199,199,199,199,199,0,0,0,199,199,0,0,0,199,199,199,199,199,199,199,74,0,0,0,0,0,0,199,199,199,199,199,199,0,0,0,0,0,173,199,199,199,199,199,0,0,0,0,0,0,0,0,199,199,199,199,199,199,199,82,0,0,0,0,164,199,199,199,199,199,199,199,199,199,199,199,199,199,199,199,199,199,199,199,199,199,199,
199,199,199,0,191,191,191,191,191,182,0,199,199,199,199,199,9,182,191,191,191,191,0,82,199,199,199,199,199,0,191,191,0,199,199,199,199,199,199,199,199,0,199,191,191,0,0,199,191,199,0,199,199,199,199,199,0,173,191,191,191,191,191,199,0,199,199,199,199,0,191,191,191,191,199,9,155,199,199,199,0,191,183,191,191,191,191,191,191,0,199,199,199,199,199,0,182,191,191,191,191,91,0,199,199,199,199,199,199,199,199,199,199,199,199,199,199,199,199,199,199,199,199,199,
199,199,0,199,118,118,118,119,118,118,182,0,199,199,199,9,191,118,118,118,118,118,119,109,0,199,199,199,0,0,191,118,0,0,199,199,199,199,199,199,199,0,191,118,182,0,0,118,118,182,0,0,199,199,199,0,191,182,118,118,118,118,118,118,0,1,199,199,199,199,0,109,118,118,1,9,0,0,199,199,0,191,182,118,118,118,118,118,118,0,0,82,199,199,0,199,118,118,118,118,118,119,183,0,199,199,199,199,199,199,199,199,199,199,199,199,199,199,199,199,199,199,199,199,
199,199,0,191,118,119,109,109,119,118,118,0,173,199,199,9,118,118,10,9,10,119,119,109,0,73,199,199,0,0,119,118,0,0,0,199,199,199,199,199,199,0,191,118,118,0,0,118,118,119,0,0,199,199,199,0,182,118,110,109,109,109,109,109,0,0,199,199,199,199,0,109,119,119,0,0,9,73,199,199,199,9,9,9,119,119,36,9,9,0,0,82,199,199,0,191,119,118,119,119,119,119,119,0,199,199,199,199,199,199,199,199,199,199,199,199,199,199,199,199,199,199,199,199,
199,199,0,183,119,118,0,0,183,118,118,0,0,199,199,1,118,118,1,0,0,118,119,109,0,0,199,199,0,9,118,118,1,0,0,199,199,199,199,199,199,0,182,118,118,0,0,118,118,119,0,0,199,199,199,0,118,118,28,0,0,0,0,0,0,0,199,199,199,199,0,109,119,119,0,0,0,199,199,199,199,0,0,0,119,119,91,0,0,0,0,82,199,199,0,118,118,119,118,118,119,119,119,0,0,199,199,199,199,199,199,199,199,199,199,199,199,199,199,199,199,199,199,199,
199,199,0,191,119,110,0,0,0,1,0,0,0,199,199,9,191,118,0,0,0,118,119,109,0,0,199,199,0,1,191,118,0,0,0,199,199,199,199,199,199,0,191,119,118,0,0,118,119,119,0,0,199,199,199,0,183,118,28,0,0,0,0,0,0,199,199,199,199,199,0,109,119,119,0,0,0,199,199,199,199,199,0,0,119,118,91,0,0,0,199,199,199,199,0,191,119,92,0,0,118,119,119,0,0,199,199,199,199,199,1,0,199,199,199,199,199,199,199,199,199,199,199,199,
199,199,0,183,119,110,0,0,199,199,0,0,199,199,199,1,118,118,0,0,0,118,118,109,0,0,199,199,0,9,118,119,0,0,0,199,199,199,199,199,199,0,182,118,119,119,119,119,119,119,0,0,199,199,199,0,118,118,119,119,119,119,91,0,199,199,199,199,199,199,0,109,119,119,0,0,0,199,199,199,199,199,0,0,119,118,91,0,0,199,199,199,199,199,0,118,118,92,0,8,118,119,119,0,0,199,199,199,199,19,102,118,0,199,199,199,199,199,199,199,199,199,199,199,
199,199,0,119,119,110,0,0,199,199,82,82,199,199,199,9,118,118,0,0,0,118,119,109,0,0,199,199,0,9,119,119,0,0,0,199,199,199,199,199,199,0,119,118,119,119,119,119,119,119,0,0,199,199,199,0,119,119,119,119,119,119,91,0,199,199,199,199,199,199,0,109,119,119,0,0,0,199,199,199,199,199,0,0,119,118,91,0,0,199,199,199,199,199,0,118,118,100,18,18,118,118,119,0,0,199,199,199,0,11,30,102,0,199,199,199,199,199,199,199,199,199,199,199,
199,199,0,119,119,110,0,0,199,199,199,199,199,199,199,1,102,119,0,0,0,110,119,109,0,0,199,199,0,1,119,118,0,0,0,199,199,199,199,199,199,0,119,119,118,118,118,111,111,119,0,0,199,199,199,0,111,119,118,110,110,118,91,0,0,199,199,199,199,199,0,109,119,119,0,0,0,199,199,199,199,199,0,0,110,119,91,0,0,199,199,199,199,199,0,111,119,119,119,54,119,119,119,0,0,199,199,199,9,83,85,93,0,199,199,199,199,199,199,199,199,199,199,199,
199,199,0,102,119,110,0,0,0,0,0,199,199,199,199,9,38,111,0,0,0,102,119,110,0,0,199,199,0,1,38,119,0,0,0,199,199,199,199,199,199,0,102,111,183,0,0,102,38,119,0,0,199,199,199,0,102,111,92,0,0,0,0,0,0,199,199,199,199,199,0,109,119,102,0,0,0,199,199,199,199,199,0,0,38,111,92,0,0,199,199,199,199,199,0,103,111,111,102,119,103,111,119,0,0,199,199,199,199,199,9,0,0,199,199,199,199,199,199,199,199,199,199,199,
199,199,0,119,38,102,0,0,182,111,110,0,199,199,199,9,111,102,1,0,0,119,38,101,0,0,199,199,0,1,119,102,1,0,0,0,0,199,199,199,199,0,183,38,102,0,0,118,119,102,1,0,199,199,199,0,119,46,20,0,0,0,0,0,199,199,199,199,199,199,0,93,38,119,0,0,0,199,199,199,199,199,0,0,111,39,83,0,0,199,199,199,199,199,0,111,110,92,1,0,119,110,110,0,0,199,199,199,199,199,199,199,199,199,199,199,199,199,199,199,199,199,199,199,
199,199,0,102,111,111,102,119,102,38,111,0,0,199,199,9,38,119,102,102,119,102,119,110,0,0,199,199,0,1,102,119,102,119,119,102,118,9,0,199,199,0,102,111,183,0,0,101,38,119,1,0,199,199,199,1,102,111,110,102,119,102,111,183,0,199,199,199,199,199,0,101,119,103,1,0,0,199,199,199,199,199,0,0,102,119,91,0,0,199,199,199,199,199,0,110,111,92,0,0,110,111,119,0,0,199,199,199,199,199,1,0,199,199,199,199,199,199,199,199,199,199,199,199,
199,199,9,101,111,111,94,111,95,103,174,0,0,199,199,199,19,102,30,30,111,94,18,10,0,0,199,199,73,10,93,111,103,111,111,103,111,1,0,199,199,0,102,111,111,0,0,102,30,118,0,0,199,199,199,10,92,111,111,103,111,103,111,111,0,199,199,199,199,199,10,110,111,103,10,0,0,199,199,199,199,199,0,1,30,103,83,0,0,199,199,199,199,199,0,103,111,92,0,0,102,103,111,0,0,199,199,199,199,19,102,118,0,199,199,199,199,199,199,199,199,199,199,199,
199,199,199,0,102,94,94,102,94,93,0,0,0,199,199,199,0,102,94,94,102,94,1,0,0,0,199,199,199,199,1,102,94,102,103,94,102,1,0,0,199,0,93,103,102,0,0,93,94,102,0,0,199,199,199,199,0,93,94,94,103,94,94,102,0,0,199,199,199,1,94,94,94,94,102,18,0,199,199,199,199,199,0,1,94,103,83,0,0,199,199,199,199,199,0,94,102,92,0,0,93,103,102,0,0,199,199,199,0,11,30,102,0,199,199,199,199,199,199,199,199,199,199,199,
199,199,199,199,0,9,0,0,0,0,0,0,199,199,199,199,199,0,0,0,0,0,1,0,0,199,199,199,199,199,199,0,0,0,0,0,1,0,0,0,199,199,1,0,0,0,0,0,0,0,0,0,199,199,199,199,199,82,0,1,0,0,0,0,0,0,199,199,199,199,0,0,0,0,0,0,0,0,199,199,199,199,199,199,0,0,0,0,0,199,199,199,199,199,199,0,1,0,0,0,0,1,0,0,0,199,199,199,9,83,85,93,0,199,199,199,199,199,199,199,199,199,199,199,
199,199,199,199,199,199,0,0,0,0,0,199,199,199,199,199,199,199,0,0,0,0,0,73,199,199,199,199,199,199,199,199,0,0,0,0,0,0,0,199,199,199,199,73,0,0,199,199,199,0,0,199,199,199,199,199,199,199,0,0,0,0,0,0,0,199,199,199,199,199,199,0,0,0,0,0,0,199,199,199,199,199,199,199,199,0,0,0,0,199,199,199,199,199,199,199,0,0,0,199,199,0,0,0,199,199,199,199,199,199,9,0,0,199,199,199,199,199,199,199,199,199,199,199,
199,199,199,199,199,199,199,82,82,199,199,199,199,199,199,199,199,199,199,199,199,199,199,199,199,199,199,199,199,199,199,199,73,73,73,73,73,73,199,199,199,199,199,82,73,82,199,199,199,73,73,199,199,199,199,199,199,199,0,73,73,82,82,82,82,199,199,199,199,199,199,0,74,73,73,73,0,199,199,199,199,199,199,199,199,0,0,0,199,199,199,199,199,199,199,199,0,0,73,199,199,0,73,73,199,199,199,199,199,199,199,199,199,199,199,199,199,199,199,199,199,199,199,199,
199,199,199,199,199,199,199,199,199,199,199,199,199,199,199,199,199,199,199,199,199,199,199,199,199,199,199,199,199,199,199,199,199,199,199,199,199,199,199,199,199,199,199,199,199,199,199,199,199,199,199,199,199,199,199,199,199,199,199,199,199,199,199,199,199,199,199,199,199,199,199,199,199,199,199,199,199,199,199,199,199,199,199,199,199,199,199,199,199,199,199,199,199,199,199,199,199,199,199,199,199,199,199,199,199,199,199,199,199,199,199,199,199,199,199,199,199,199,199,199,199,199,199,199,
199,199,199,199,199,199,199,199,199,199,199,199,199,199,199,199,199,199,199,199,199,199,199,199,199,199,199,199,199,199,199,199,199,199,199,199,199,199,199,199,199,199,199,199,199,199,199,199,199,199,199,199,199,199,199,199,199,199,199,199,199,199,199,199,199,199,199,199,199,199,199,199,199,199,199,199,199,199,199,199,199,199,199,199,199,199,199,199,199,199,199,199,199,199,199,199,199,199,199,199,199,199,199,199,199,199,199,199,199,199,199,199,199,199,199,199,199,199,199,199,199,199,199,199,
199,199,199,199,199,199,199,199,199,199,199,199,199,199,199,199,199,199,199,199,199,199,199,199,199,199,199,199,199,199,199,199,199,199,199,199,199,199,199,199,199,199,199,199,199,199,199,199,199,199,199,199,199,199,199,199,199,199,199,199,199,199,199,199,199,199,199,199,199,199,199,199,199,199,199,199,199,199,199,199,199,199,199,199,199,199,199,199,199,199,199,199,199,199,199,199,199,199,199,199,199,199,199,199,199,199,199,199,199,199,199,199,199,199,199,199,199,199,199,199,199,199,199,199,
199,199,199,199,199,199,199,199,199,199,199,199,199,199,199,199,199,199,199,199,199,199,199,199,199,199,199,199,199,199,199,199,199,199,199,199,199,199,199,199,199,199,199,199,199,199,199,199,199,199,199,199,199,199,199,199,199,199,199,199,199,199,199,199,199,199,199,199,199,199,199,199,199,199,199,199,199,199,199,199,199,199,199,199,199,199,199,199,199,199,199,199,199,199,199,199,199,199,199,199,199,199,199,199,199,199,199,199,199,199,199,199,199,199,199,199,199,199,199,199,199,199,199,199,
199,199,199,199,199,199,199,199,199,199,199,199,199,199,199,199,199,199,199,199,199,199,199,199,199,199,199,199,199,199,199,199,199,199,199,199,199,199,199,199,199,199,199,199,199,199,199,199,199,199,199,199,199,199,199,199,199,199,199,199,199,199,199,199,199,199,199,199,199,199,199,199,199,199,199,199,199,199,199,199,199,199,199,199,199,199,199,199,199,199,199,199,199,199,199,199,199,199,199,199,199,199,199,199,199,199,199,199,199,199,199,199,199,199,199,199,199,199,199,199,199,199,199,199,
199,199,199,73,82,82,82,82,82,82,82,199,199,199,199,199,199,199,199,199,199,199,199,199,199,199,199,199,199,199,199,199,199,199,199,199,199,199,199,199,199,199,199,199,199,199,199,199,73,82,82,82,82,199,199,199,199,199,199,199,199,199,73,82,82,82,82,199,199,199,199,199,199,199,199,199,199,199,199,199,199,199,199,199,199,199,199,199,199,199,199,199,199,199,199,199,199,199,199,199,199,199,199,199,199,199,199,199,199,199,199,199,199,199,199,199,199,199,199,199,199,199,199,199,
199,199,199,0,0,0,0,0,0,0,0,199,199,199,199,199,199,199,74,0,0,0,0,0,0,199,199,199,199,199,199,0,0,199,199,199,199,199,9,0,0,199,199,199,199,199,199,199,0,0,0,0,0,199,199,199,199,199,199,199,199,199,0,0,0,0,0,199,199,199,199,199,199,199,199,199,199,199,199,199,199,199,199,199,199,199,199,199,199,199,199,199,199,199,199,199,199,199,199,199,199,199,199,199,199,199,199,199,199,199,199,199,199,199,199,199,199,199,199,199,199,199,199,199,
199,199,0,191,183,191,191,191,191,191,191,0,199,199,199,199,199,0,173,191,191,191,191,191,199,0,199,199,199,9,0,191,199,0,199,199,199,0,182,191,199,0,199,199,199,199,246,0,191,191,191,191,191,9,199,199,199,199,199,199,199,9,182,191,191,191,191,0,82,199,199,199,199,199,199,199,199,199,199,199,199,199,199,199,199,199,199,199,199,199,199,199,199,199,199,199,199,199,199,199,199,199,199,199,199,199,199,199,199,199,199,199,199,199,199,199,199,199,199,199,199,199,199,199,
199,199,0,191,182,118,118,118,118,118,118,0,0,82,199,199,0,191,182,118,118,118,118,118,118,0,1,199,199,9,0,191,118,1,0,0,199,0,110,118,182,0,0,199,199,0,9,182,118,119,118,118,118,118,9,0,199,199,199,199,9,191,118,118,118,118,118,119,109,0,199,199,199,199,199,199,199,199,199,199,199,199,199,199,199,199,199,199,199,199,199,199,199,199,199,199,199,199,199,199,199,199,199,199,199,199,199,199,199,199,199,199,199,199,199,199,199,199,199,199,199,199,199,199,
199,199,199,9,9,9,119,119,36,9,9,0,0,82,199,199,0,182,118,110,109,109,109,109,109,0,0,199,199,9,0,127,119,19,9,0,199,18,109,119,118,0,0,199,199,0,9,118,119,10,9,10,118,119,0,0,73,199,199,199,9,118,118,10,9,10,119,119,109,0,73,199,199,199,199,199,199,199,199,199,199,199,199,199,199,199,199,199,199,199,199,199,199,199,199,199,199,199,199,199,199,199,199,199,199,199,199,199,199,199,199,199,199,199,199,199,199,199,199,199,199,199,199,199,
199,199,199,0,0,0,119,119,91,0,0,0,0,82,199,199,0,118,118,28,0,0,0,0,0,0,0,199,199,9,0,119,119,118,18,0,0,118,119,119,118,0,0,199,199,0,1,118,118,0,0,0,119,119,1,0,0,199,199,199,1,118,118,1,0,0,118,119,109,0,0,199,199,199,199,199,199,199,199,199,199,199,199,199,199,199,199,199,199,199,199,199,199,199,199,199,199,199,199,199,199,199,199,199,199,199,199,199,199,199,199,199,199,199,199,199,199,199,199,199,199,199,199,199,
199,199,199,199,164,0,119,118,91,0,0,0,199,199,199,199,0,183,118,28,0,0,0,0,0,0,199,199,199,9,0,191,119,119,119,118,118,119,119,119,119,0,0,199,199,0,9,183,118,0,0,1,118,119,0,0,0,199,199,199,9,191,118,0,0,0,118,119,109,0,0,199,199,199,199,1,0,199,199,199,199,199,199,199,199,199,199,199,199,199,199,199,199,199,199,199,199,199,199,199,199,199,199,199,199,199,199,199,199,199,199,199,199,199,199,199,199,199,199,199,199,199,199,199,
199,199,199,199,164,0,119,118,91,0,0,199,199,199,199,199,0,118,118,119,119,119,119,91,0,199,199,199,199,9,0,118,119,118,119,119,119,119,119,119,119,0,0,199,199,0,1,118,118,0,0,0,118,119,1,0,0,199,199,199,1,118,118,0,0,0,118,118,109,0,0,199,199,199,19,102,118,0,199,199,199,199,199,199,199,199,199,199,199,199,199,199,199,199,199,199,199,199,199,199,199,199,199,199,199,199,199,199,199,199,199,199,199,199,199,199,199,199,199,199,199,199,199,199,
199,199,199,199,164,0,119,118,91,0,0,199,199,199,199,199,0,119,119,119,119,119,119,91,0,199,199,199,199,9,0,119,119,109,110,119,118,101,118,119,119,0,0,199,199,0,1,118,118,110,110,118,118,119,0,0,0,199,199,199,9,118,118,0,0,0,118,119,109,0,0,199,199,0,11,30,102,0,199,199,199,199,199,199,199,199,199,199,199,199,199,199,199,199,199,199,199,199,199,199,199,199,199,199,199,199,199,199,199,199,199,199,199,199,199,199,199,199,199,199,199,199,199,199,
199,199,199,199,164,0,110,119,91,0,0,199,199,199,199,199,0,111,119,118,110,110,118,91,0,0,199,199,199,9,0,119,119,9,101,110,110,0,109,119,119,0,0,199,199,0,1,110,119,46,46,118,110,19,0,0,0,199,199,199,1,102,119,0,0,0,110,119,109,0,0,199,199,9,83,85,93,0,199,199,199,199,199,199,199,199,199,199,199,199,199,199,199,199,199,199,199,199,199,199,199,199,199,199,199,199,199,199,199,199,199,199,199,199,199,199,199,199,199,199,199,199,199,199,
199,199,199,199,164,0,38,111,92,0,0,199,199,199,199,199,0,102,111,92,0,0,0,0,0,0,199,199,199,9,0,38,111,9,0,0,0,0,101,38,119,0,0,199,199,0,1,38,111,102,102,119,102,1,0,0,0,199,199,199,9,38,111,0,0,0,102,119,110,0,0,199,199,199,199,9,0,0,199,199,199,199,199,199,199,199,199,199,199,199,199,199,199,199,199,199,199,199,199,199,199,199,199,199,199,199,199,199,199,199,199,199,199,199,199,199,199,199,199,199,199,199,199,199,
199,199,199,199,164,0,111,39,83,0,0,199,199,199,199,199,0,119,46,20,0,0,0,0,0,199,199,199,199,9,0,119,38,1,0,0,0,0,110,111,110,0,0,199,199,0,1,119,102,1,0,0,0,0,0,0,199,199,199,199,9,111,102,1,0,0,119,38,101,0,0,199,199,199,199,199,199,199,199,199,199,199,199,199,199,199,199,199,199,199,199,199,199,199,199,199,199,199,199,199,199,199,199,199,199,199,199,199,199,199,199,199,199,199,199,199,199,199,199,199,199,199,199,199,
199,199,199,199,164,0,102,119,91,0,0,199,199,199,199,199,1,102,111,110,102,119,102,111,183,0,199,199,199,9,1,38,111,9,0,0,0,0,94,38,183,0,0,199,199,0,1,38,118,0,0,0,0,0,199,199,199,199,199,199,9,38,119,102,102,119,102,119,110,0,0,199,199,199,199,1,0,199,199,199,199,199,199,199,199,199,199,199,199,199,199,199,199,199,199,199,199,199,199,199,199,199,199,199,199,199,199,199,199,199,199,199,199,199,199,199,199,199,199,199,199,199,199,199,
199,199,199,199,164,1,30,103,83,0,0,199,199,199,199,199,10,92,111,111,103,111,103,111,111,0,199,199,199,9,1,94,111,9,0,0,199,0,94,103,111,0,0,199,199,0,1,30,102,0,0,0,199,199,199,199,199,199,199,199,199,19,102,30,30,111,94,18,10,0,0,199,199,199,19,102,118,0,199,199,199,199,199,199,199,199,199,199,199,199,199,199,199,199,199,199,199,199,199,199,199,199,199,199,199,199,199,199,199,199,199,199,199,199,199,199,199,199,199,199,199,199,199,199,
199,199,199,199,99,1,94,103,83,0,0,199,199,199,199,199,199,0,93,94,94,103,94,94,102,0,0,199,199,9,1,94,94,1,0,0,199,0,93,94,102,1,0,199,199,0,1,94,102,1,0,0,199,199,199,199,199,199,199,199,199,0,102,94,94,102,94,1,0,0,0,199,199,0,11,30,102,0,199,199,199,199,199,199,199,199,199,199,199,199,199,199,199,199,199,199,199,199,199,199,199,199,199,199,199,199,199,199,199,199,199,199,199,199,199,199,199,199,199,199,199,199,199,199,
199,199,199,199,199,199,0,0,0,0,0,199,199,199,199,199,199,199,82,0,1,0,0,0,0,0,0,199,199,199,199,9,0,0,0,0,199,199,73,0,1,0,0,199,199,199,199,0,0,0,0,0,199,199,199,199,199,199,199,199,199,199,0,0,0,0,0,1,0,0,199,199,199,9,83,85,93,0,199,199,199,199,199,199,199,199,199,199,199,199,199,199,199,199,199,199,199,199,199,199,199,199,199,199,199,199,199,199,199,199,199,199,199,199,199,199,199,199,199,199,199,199,199,199,
199,199,199,199,199,199,199,0,0,82,199,199,199,199,199,199,199,199,199,199,0,0,0,0,0,0,199,199,199,199,199,199,0,0,199,199,199,199,199,199,0,0,199,199,199,199,199,199,0,0,9,199,199,199,199,199,199,199,199,199,199,199,199,0,0,0,0,0,73,199,199,199,199,199,199,9,0,0,199,199,199,199,199,199,199,199,199,199,199,199,199,199,199,199,199,199,199,199,199,199,199,199,199,199,199,199,199,199,199,199,199,199,199,199,199,199,199,199,199,199,199,199,199,199,
199,199,199,199,199,199,199,199,199,199,199,199,199,199,199,199,199,199,199,199,73,73,82,82,82,82,199,199,199,199,199,199,73,82,199,199,199,199,199,199,82,82,199,199,199,199,199,199,199,199,199,199,199,199,199,199,199,199,199,199,199,199,199,199,199,199,199,199,199,199,199,199,199,199,199,199,199,199,199,199,199,199,199,199,199,199,199,199,199,199,199,199,199,199,199,199,199,199,199,199,199,199,199,199,199,199,199,199,199,199,199,199,199,199,199,199,199,199,199,199,199,199,199,199,
199,199,199,199,199,199,199,199,199,199,199,199,199,199,199,199,199,199,199,199,199,199,199,199,199,199,199,199,199,199,199,199,199,199,199,199,199,199,199,199,199,199,199,199,199,199,199,199,199,199,199,199,199,199,199,199,199,199,199,199,199,199,199,199,199,199,199,199,199,199,199,199,199,199,199,199,199,199,199,199,199,199,199,199,199,199,199,199,199,199,199,199,199,199,199,199,199,199,199,199,199,199,199,199,199,199,199,199,199,199,199,199,199,199,199,199,199,199,199,199,199,199,199,199,
199,199,199,199,199,199,199,199,199,199,199,199,199,199,199,199,199,199,199,199,199,199,199,199,199,199,199,199,199,199,199,199,199,199,199,199,199,199,199,199,199,199,199,199,199,199,199,199,199,199,199,199,199,199,199,199,199,199,199,199,199,199,199,199,199,199,199,199,199,199,199,199,199,199,199,199,199,199,199,199,199,199,199,199,199,199,199,199,199,199,199,199,199,199,199,199,199,199,199,199,199,199,199,199,199,199,199,199,199,199,199,199,199,199,199,199,199,199,199,199,199,199,199,199,
199,199,199,199,199,199,199,199,199,199,199,199,199,199,199,199,199,199,199,199,199,199,199,199,199,199,199,199,199,199,199,199,199,199,199,199,199,199,199,199,199,199,199,199,199,199,199,199,199,199,199,199,199,199,199,199,199,199,199,199,199,199,199,199,199,199,199,199,199,199,199,199,199,199,199,199,199,199,199,199,199,199,199,199,199,199,199,199,199,199,199,199,199,199,199,199,199,199,199,199,199,199,199,199,199,199,199,199,199,199,199,199,199,199,199,199,199,199,199,199,199,199,199,199,
199,199,199,199,199,199,199,199,199,199,199,199,199,199,199,199,199,199,199,199,199,199,199,199,199,199,199,199,199,199,199,199,199,199,199,199,199,199,199,199,199,199,199,199,199,199,199,199,199,199,199,199,199,199,199,199,199,199,199,199,199,199,199,199,199,199,199,199,199,199,199,199,199,199,199,199,199,199,199,199,199,199,199,199,199,199,199,199,199,199,199,199,199,199,199,199,199,199,199,199,199,199,199,199,199,199,199,199,199,199,199,199,199,199,199,199,199,199,199,199,199,199,199,199,
199,199,199,199,199,199,199,199,199,199,199,199,199,199,199,199,199,199,199,199,199,199,199,199,199,199,199,199,199,199,199,199,199,199,199,199,199,199,199,199,199,199,199,199,199,199,199,199,199,199,199,199,199,199,199,199,199,199,199,199,199,199,199,199,199,199,199,199,199,199,199,199,199,199,199,199,199,199,199,199,199,199,199,199,199,199,199,199,199,199,199,199,199,199,199,199,199,199,199,199,199,199,199,199,199,199,199,199,199,199,199,199,199,199,199,199,199,199,199,199,199,199,199,199,
199,199,199,199,199,199,199,199,199,199,199,199,199,199,199,199,199,199,199,199,199,199,199,199,199,199,199,199,199,199,199,199,199,199,199,199,199,199,199,199,199,199,199,199,199,199,199,199,199,199,199,199,199,199,199,199,199,199,199,199,199,199,199,199,199,199,199,199,199,199,199,199,199,199,199,199,199,199,199,199,199,199,199,199,199,199,199,199,199,199,199,199,199,199,199,199,199,199,199,199,199,199,199,199,199,199,199,199,199,199,199,199,199,199,199,199,199,199,199,199,199,199,199,199,
199,199,199,199,199,199,199,199,199,199,199,199,199,199,199,199,199,199,199,199,199,199,199,199,199,199,199,199,199,199,199,199,199,199,199,199,199,199,199,199,199,199,199,199,199,199,199,199,199,199,199,199,199,199,199,199,199,199,199,199,199,199,199,199,199,199,199,199,199,199,199,199,199,199,199,199,199,199,199,199,199,199,199,199,199,199,199,199,199,199,199,199,199,199,199,199,199,199,199,199,199,199,199,199,199,199,199,199,199,199,199,199,199,199,199,199,199,199,199,199,199,199,199,199,
199,199,199,199,199,199,199,199,199,199,199,199,199,199,199,199,199,199,199,199,199,199,199,199,199,199,199,199,199,199,199,199,199,199,199,199,199,199,199,199,199,199,199,199,199,199,199,199,199,199,199,199,199,199,199,199,199,199,199,199,199,199,199,199,199,199,199,199,199,199,199,199,199,199,199,199,199,199,199,199,199,199,199,199,199,199,199,199,199,199,199,199,199,199,199,199,199,199,199,199,199,199,199,199,199,199,199,199,199,199,199,199,199,199,199,199,199,199,199,199,199,199,199,199,
199,199,199,199,199,199,199,199,199,199,199,199,199,199,199,199,199,199,199,199,199,199,199,199,199,199,199,199,199,199,199,199,199,199,199,199,199,199,199,199,199,199,199,199,199,199,199,199,199,199,199,199,199,199,199,199,199,199,199,199,199,199,199,199,199,199,199,199,199,199,199,199,199,199,199,199,199,199,199,199,199,199,199,199,199,199,199,199,199,199,199,199,199,199,199,199,199,199,199,199,199,199,199,199,199,199,199,199,199,199,199,199,199,199,199,199,199,199,199,199,199,199,199,199,
199,199,199,199,199,199,199,199,199,199,199,199,199,199,199,199,199,199,199,199,199,199,199,199,199,199,199,199,199,199,199,199,199,199,199,199,199,199,199,199,199,199,199,199,199,199,199,199,199,199,199,199,199,199,199,199,199,199,199,199,199,199,199,199,199,199,199,199,199,199,199,199,199,199,199,199,199,199,199,199,199,199,199,199,199,199,199,199,199,199,199,199,199,199,199,199,199,199,199,199,199,199,199,199,199,199,199,199,199,199,199,199,199,199,199,199,199,199,199,199,199,199,199,199,
199,199,199,199,199,199,199,199,199,199,199,199,199,199,199,199,199,199,199,199,199,199,199,199,199,199,199,199,199,199,199,199,199,199,199,199,199,199,199,199,199,199,199,199,199,199,199,199,199,199,199,199,199,199,199,199,199,199,199,199,199,199,199,199,199,199,199,199,199,199,199,199,199,199,199,199,199,199,199,199,199,199,199,199,199,199,199,199,199,199,199,199,199,199,199,199,199,199,199,199,199,199,199,199,199,199,199,199,199,199,199,199,199,199,199,199,199,199,199,199,199,199,199,199,
199,199,199,199,199,199,199,199,199,199,199,199,199,199,199,199,199,199,199,199,199,199,199,199,199,199,199,199,199,199,199,199,199,199,199,199,199,199,199,199,199,199,199,199,199,199,199,199,199,199,199,199,199,199,199,199,199,199,199,199,199,199,199,199,199,199,199,199,199,199,199,199,199,199,199,199,199,199,199,199,199,199,199,199,199,199,199,199,199,199,199,199,199,199,199,199,199,199,199,199,199,199,199,199,199,199,199,199,199,199,199,199,199,199,199,199,199,199,199,199,199,199,199,199,
199,199,199,199,199,199,199,199,199,199,199,199,199,199,199,199,199,199,199,199,199,199,199,199,199,199,199,199,199,199,199,199,199,199,199,199,199,199,199,199,199,199,199,199,199,199,199,199,199,199,199,199,199,199,199,199,199,199,199,199,199,199,199,199,199,199,199,199,199,199,199,199,199,199,199,199,199,199,199,199,199,199,199,199,199,199,199,199,199,199,199,199,199,199,199,199,199,199,199,199,199,199,199,199,199,199,199,199,199,199,199,199,199,199,199,199,199,199,199,199,199,199,199,199,
199,199,199,199,199,199,199,199,199,199,199,199,199,199,199,199,199,199,199,199,199,199,199,199,199,199,199,199,199,199,199,199,199,199,199,199,199,199,199,199,199,199,199,199,199,199,199,199,199,199,199,199,199,199,199,199,199,199,199,199,199,199,199,199,199,199,199,199,199,199,199,199,199,199,199,199,199,199,199,199,199,199,199,199,199,199,199,199,199,199,199,199,199,199,199,199,199,199,199,199,199,199,199,199,199,199,199,199,199,199,199,199,199,199,199,199,199,199,199,199,199,199,199,199,
199,199,199,199,199,199,199,199,199,199,199,199,199,199,199,199,199,199,199,199,199,199,199,199,199,199,199,199,199,199,199,199,199,199,199,199,199,199,199,199,199,199,199,199,199,199,199,199,199,199,199,199,199,199,199,199,199,199,199,199,199,199,199,199,199,199,199,199,199,199,199,199,199,199,199,199,199,199,199,199,199,199,199,199,199,199,199,199,199,199,199,199,199,199,199,199,199,199,199,199,199,199,199,199,199,199,199,199,199,199,199,199,199,199,199,199,199,199,199,199,199,199,199,199,
199,199,199,199,199,199,199,199,199,199,199,199,199,199,199,199,199,199,199,199,199,199,199,199,199,199,199,199,199,199,199,199,199,199,199,199,199,199,199,199,199,199,199,199,199,199,199,199,199,199,199,199,199,199,199,199,199,199,199,199,199,199,199,199,199,199,199,199,199,199,199,199,199,199,199,199,199,199,199,199,199,199,199,199,199,199,199,199,199,199,199,199,199,199,199,199,199,199,199,199,199,199,199,199,199,199,199,199,199,199,199,199,199,199,199,199,199,199,199,199,199,199,199,199,
199,199,199,199,199,199,199,199,199,199,199,199,199,199,199,199,199,199,199,199,199,199,199,199,199,199,199,199,199,199,199,199,199,199,199,199,199,199,199,199,199,199,199,199,199,199,199,199,199,199,199,199,199,199,199,199,199,199,199,199,199,199,199,199,199,199,199,199,199,199,199,199,199,199,199,199,199,199,199,199,199,199,199,199,199,199,199,199,199,199,199,199,199,199,199,199,199,199,199,199,199,199,199,199,199,199,199,199,199,199,199,199,199,199,199,199,199,199,199,199,199,199,199,199,
199,199,199,199,199,199,199,199,199,199,199,199,199,199,199,199,199,199,199,199,199,199,199,199,199,199,199,199,199,199,199,199,199,199,199,199,199,199,199,199,199,199,199,199,199,199,199,199,199,199,199,199,199,199,199,199,199,199,199,199,199,199,199,199,199,199,199,199,199,199,199,199,199,199,199,199,199,199,199,199,199,199,199,199,199,199,199,199,199,199,199,199,199,199,199,199,199,199,199,199,199,199,199,199,199,199,199,199,199,199,199,199,199,199,199,199,199,199,199,199,199,199,199,199,
199,199,199,199,199,199,199,199,199,199,199,199,199,199,199,199,199,199,199,199,199,199,199,199,199,199,199,199,199,199,199,199,199,199,199,199,199,199,199,199,199,199,199,199,199,199,199,199,199,199,199,199,199,199,199,199,199,199,199,199,199,199,199,199,199,199,199,199,199,199,199,199,199,199,199,199,199,199,199,199,199,199,199,199,199,199,199,199,199,199,199,199,199,199,199,199,199,199,199,199,199,199,199,199,199,199,199,199,199,199,199,199,199,199,199,199,199,199,199,199,199,199,199,199,
199,199,199,199,199,199,199,199,199,199,199,199,199,199,199,199,199,199,199,199,199,199,199,199,199,199,199,199,199,199,199,199,199,199,199,199,199,199,199,199,199,199,199,199,199,199,199,199,199,199,199,199,199,199,199,199,199,199,199,199,199,199,199,199,199,199,199,199,199,199,199,199,199,199,199,199,199,199,199,199,199,199,199,199,199,199,199,199,199,199,199,199,199,199,199,199,199,199,199,199,199,199,199,199,199,199,199,199,199,199,199,199,199,199,199,199,199,199,199,199,199,199,199,199,
199,199,199,199,199,199,199,199,199,199,199,199,199,199,199,199,199,199,199,199,199,199,199,199,199,199,199,199,199,199,199,199,199,199,199,199,199,199,199,199,199,199,199,199,199,199,199,199,199,199,199,199,199,199,199,199,199,199,199,199,199,199,199,199,199,199,199,199,199,199,199,199,199,199,199,199,199,199,199,199,199,199,199,199,199,199,199,199,199,199,199,199,199,199,199,199,199,199,199,199,199,199,199,199,199,199,199,199,199,199,199,199,199,199,199,199,199,199,199,199,199,199,199,199,
199,199,199,199,199,199,199,199,199,199,199,199,199,199,199,199,199,199,199,199,199,199,199,199,199,199,199,199,199,199,199,199,199,199,199,199,199,199,199,199,199,199,199,199,199,199,199,199,199,199,199,199,199,199,199,199,199,199,199,199,199,199,199,199,199,199,199,199,199,199,199,199,199,199,199,199,199,199,199,199,199,199,199,199,199,199,199,199,199,199,199,199,199,199,199,199,199,199,199,199,199,199,199,199,199,199,199,199,199,199,199,199,199,199,199,199,199,199,199,199,199,199,199,199,
199,199,199,199,199,199,199,199,199,199,199,199,199,199,199,199,199,199,199,199,199,199,199,199,199,199,199,199,199,199,199,199,199,199,199,199,199,199,199,199,199,199,199,199,199,199,199,199,199,199,199,199,199,199,199,199,199,199,199,199,199,199,199,199,199,199,199,199,199,199,199,199,199,199,199,199,199,199,199,199,199,199,199,199,199,199,199,199,199,199,199,199,199,199,199,199,199,199,199,199,199,199,199,199,199,199,199,199,199,199,199,199,199,199,199,199,199,199,199,199,199,199,199,199,
199,199,199,199,199,199,199,199,199,199,199,199,199,199,199,199,199,199,199,199,199,199,199,199,199,199,199,199,199,199,199,199,199,199,199,199,199,199,199,199,199,199,199,199,199,199,199,199,199,199,199,199,199,199,199,199,199,199,199,199,199,199,199,199,199,199,199,199,199,199,199,199,199,199,199,199,199,199,199,199,199,199,199,199,199,199,199,199,199,199,199,199,199,199,199,199,199,199,199,199,199,199,199,199,199,199,199,199,199,199,199,199,199,199,199,199,199,199,199,199,199,199,199,199,
199,199,199,199,199,199,199,199,199,199,199,199,199,199,199,199,199,199,199,199,199,199,199,199,199,199,199,199,199,199,199,199,199,199,199,199,199,199,199,199,199,199,199,199,199,199,199,199,199,199,199,199,199,199,199,199,199,199,199,199,199,199,199,199,199,199,199,199,199,199,199,199,199,199,199,199,199,199,199,199,199,199,199,199,199,199,199,199,199,199,199,199,199,199,199,199,199,199,199,199,199,199,199,199,199,199,199,199,199,199,199,199,199,199,199,199,199,199,199,199,199,199,199,199,
199,199,199,199,199,199,199,199,199,199,199,199,199,199,199,199,199,199,199,199,199,199,199,199,199,199,199,199,199,199,199,199,199,199,199,199,199,199,199,199,199,199,199,199,199,199,199,199,199,199,199,199,199,199,199,199,199,199,199,199,199,199,199,199,199,199,199,199,199,199,199,199,199,199,199,199,199,199,199,199,199,199,199,199,199,199,199,199,199,199,199,199,199,199,199,199,199,199,199,199,199,199,199,199,199,199,199,199,199,199,199,199,199,199,199,199,199,199,199,199,199,199,199,199,
199,199,199,199,199,199,199,199,199,199,199,199,199,199,199,199,199,199,199,199,199,199,199,199,199,199,199,199,199,199,199,199,199,199,199,199,199,199,199,199,199,199,199,199,199,199,199,199,199,199,199,199,199,199,199,199,199,199,199,199,199,199,199,199,199,199,199,199,199,199,199,199,199,199,199,199,199,199,199,199,199,199,199,199,199,199,199,199,199,199,199,199,199,199,199,199,199,199,199,199,199,199,199,199,199,199,199,199,199,199,199,199,199,199,199,199,199,199,199,199,199,199,199,199,
199,199,199,199,199,199,199,199,199,199,199,199,199,199,199,199,199,199,199,199,199,199,199,199,199,199,199,199,199,199,199,199,199,199,199,199,199,199,199,199,199,199,199,199,199,199,199,199,199,199,199,199,199,199,199,199,199,199,199,199,199,199,199,199,199,199,199,199,199,199,199,199,199,199,199,199,199,199,199,199,199,199,199,199,199,199,199,199,199,199,199,199,199,199,199,199,199,199,199,199,199,199,199,199,199,199,199,199,199,199,199,199,199,199,199,199,199,199,199,199,199,199,199,199,
199,199,199,199,199,199,199,199,199,199,199,199,199,199,199,199,199,199,199,199,199,199,199,199,199,199,199,199,199,199,199,199,199,199,199,199,199,199,199,199,199,199,199,199,199,199,199,199,199,199,199,199,199,199,199,199,199,199,199,199,199,199,199,199,199,199,199,199,199,199,199,199,199,199,199,199,199,199,199,199,199,199,199,199,199,199,199,199,199,199,199,199,199,199,199,199,199,199,199,199,199,199,199,199,199,199,199,199,199,199,199,199,199,199,199,199,199,199,199,199,199,199,199,199,
199,199,199,199,199,199,199,199,199,199,199,199,199,199,199,199,199,199,199,199,199,199,199,199,199,199,199,199,199,199,199,199,199,199,199,199,199,199,199,199,199,199,199,199,199,199,199,199,199,199,199,199,199,199,199,199,199,199,199,199,199,199,199,199,199,199,199,199,199,199,199,199,199,199,199,199,199,199,199,199,199,199,199,199,199,199,199,199,199,199,199,199,199,199,199,199,199,199,199,199,199,199,199,199,199,199,199,199,199,199,199,199,199,199,199,199,199,199,199,199,199,199,199,199,
199,199,199,199,199,199,199,199,199,199,199,199,199,199,199,199,199,199,199,199,199,199,199,199,199,199,199,199,199,199,199,199,199,199,199,199,199,199,199,199,199,199,199,199,199,199,199,199,199,199,199,199,199,199,199,199,199,199,199,199,199,199,199,199,199,199,199,199,199,199,199,199,199,199,199,199,199,199,199,199,199,199,199,199,199,199,199,199,199,199,199,199,199,199,199,199,199,199,199,199,199,199,199,199,199,199,199,199,199,199,199,199,199,199,199,199,199,199,199,199,199,199,199,199,
199,199,199,199,199,199,199,199,199,199,199,199,199,199,199,199,199,199,199,199,199,199,199,199,199,199,199,199,199,199,199,199,199,199,199,199,199,199,199,199,199,199,199,199,199,199,199,199,199,199,199,199,199,199,199,199,199,199,199,199,199,199,199,199,199,199,199,199,199,199,199,199,199,199,199,199,199,199,199,199,199,199,199,199,199,199,199,199,199,199,199,199,199,199,199,199,199,199,199,199,199,199,199,199,199,199,199,199,199,199,199,199,199,199,199,199,199,199,199,199,199,199,199,199,
199,199,199,199,199,199,199,199,199,199,199,199,199,199,199,199,199,199,199,199,199,199,199,199,199,199,199,199,199,199,199,199,199,199,199,199,199,199,199,199,199,199,199,199,199,199,199,199,199,199,199,199,199,199,199,199,199,199,199,199,199,199,199,199,199,199,199,199,199,199,199,199,199,199,199,199,199,199,199,199,199,199,199,199,199,199,199,199,199,199,199,199,199,199,199,199,199,199,199,199,199,199,199,199,199,199,199,199,199,199,199,199,199,199,199,199,199,199,199,199,199,199,199,199,
199,199,199,199,199,199,199,199,199,199,199,199,199,199,199,199,199,199,199,199,199,199,199,199,199,199,199,199,199,199,199,199,199,199,199,199,199,199,199,199,199,199,199,199,199,199,199,199,199,199,199,199,199,199,199,199,199,199,199,199,199,199,199,199,199,199,199,199,199,199,199,199,199,199,199,199,199,199,199,199,199,199,199,199,199,199,199,199,199,199,199,199,199,199,199,199,199,199,199,199,199,199,199,199,199,199,199,199,199,199,199,199,199,199,199,199,199,199,199,199,199,199,199,199,
199,199,199,199,199,199,199,199,199,199,199,199,199,199,199,199,199,199,199,199,199,199,199,199,199,199,199,199,199,199,199,199,199,199,199,199,199,199,199,199,199,199,199,199,199,199,199,199,199,199,199,199,199,199,199,199,199,199,199,199,199,199,199,199,199,199,199,199,199,199,199,199,199,199,199,199,199,199,199,199,199,199,199,199,199,199,199,199,199,199,199,199,199,199,199,199,199,199,199,199,199,199,199,199,199,199,199,199,199,199,199,199,199,199,199,199,199,199,199,199,199,199,199,199,
199,199,199,199,199,199,199,199,199,199,199,199,199,199,199,199,199,199,199,199,199,199,199,199,199,199,199,199,199,199,199,199,199,199,199,199,199,199,199,199,199,199,199,199,199,199,199,199,199,199,199,199,199,199,199,199,199,199,199,199,199,199,199,199,199,199,199,199,199,199,199,199,199,199,199,199,199,199,199,199,199,199,199,199,199,199,199,199,199,199,199,199,199,199,199,199,199,199,199,199,199,199,199,199,199,199,199,199,199,199,199,199,199,199,199,199,199,199,199,199,199,199,199,199,
199,199,199,199,199,199,199,199,199,199,199,199,199,199,199,199,199,199,199,199,199,199,199,199,199,199,199,199,199,199,199,199,199,199,199,199,199,199,199,199,199,199,199,199,199,199,199,199,199,199,199,199,199,199,199,199,199,199,199,199,199,199,199,199,199,199,199,199,199,199,199,199,199,199,199,199,199,199,199,199,199,199,199,199,199,199,199,199,199,199,199,199,199,199,199,199,199,199,199,199,199,199,199,199,199,199,199,199,199,199,199,199,199,199,199,199,199,199,199,199,199,199,199,199,
199,199,199,199,199,199,199,199,199,199,199,199,199,199,199,199,199,199,199,199,199,199,199,199,199,199,199,199,199,199,199,199,199,199,199,199,199,199,199,199,199,199,199,199,199,199,199,199,199,199,199,199,199,199,199,199,199,199,199,199,199,199,199,199,199,199,199,199,199,199,199,199,199,199,199,199,199,199,199,199,199,199,199,199,199,199,199,199,199,199,199,199,199,199,199,199,199,199,199,199,199,199,199,199,199,199,199,199,199,199,199,199,199,199,199,199,199,199,199,199,199,199,199,199,
199,199,199,199,199,199,199,199,199,199,199,199,199,199,199,199,199,199,199,199,199,199,199,199,199,199,199,199,199,199,199,199,199,199,199,199,199,199,199,199,199,199,199,199,199,199,199,199,199,199,199,199,199,199,199,199,199,199,199,199,199,199,199,199,199,199,199,199,199,199,199,199,199,199,199,199,199,199,199,199,199,199,199,199,199,199,199,199,199,199,199,199,199,199,199,199,199,199,199,199,199,199,199,199,199,199,199,199,199,199,199,199,199,199,199,199,199,199,199,199,199,199,199,199,
199,199,199,199,199,199,199,199,199,199,199,199,199,199,199,199,199,199,199,199,199,199,199,199,199,199,199,199,199,199,199,199,199,199,199,199,199,199,199,199,199,199,199,199,199,199,199,199,199,199,199,199,199,199,199,199,199,199,199,199,199,199,199,199,199,199,199,199,199,199,199,199,199,199,199,199,199,199,199,199,199,199,199,199,199,199,199,199,199,199,199,199,199,199,199,199,199,199,199,199,199,199,199,199,199,199,199,199,199,199,199,199,199,199,199,199,199,199,199,199,199,199,199,199,
199,199,199,199,199,199,199,199,199,199,199,199,199,199,199,199,199,199,199,199,199,199,199,199,199,199,199,199,199,199,199,199,199,199,199,199,199,199,199,199,199,199,199,199,199,199,199,199,199,199,199,199,199,199,199,199,199,199,199,199,199,199,199,199,199,199,199,199,199,199,199,199,199,199,199,199,199,199,199,199,199,199,199,199,199,199,199,199,199,199,199,199,199,199,199,199,199,199,199,199,199,199,199,199,199,199,199,199,199,199,199,199,199,199,199,199,199,199,199,199,199,199,199,199,
199,199,199,199,199,199,199,199,199,199,199,199,199,199,199,199,199,199,199,199,199,199,199,199,199,199,199,199,199,199,199,199,199,199,199,199,199,199,199,199,199,199,199,199,199,199,199,199,199,199,199,199,199,199,199,199,199,199,199,199,199,199,199,199,199,199,199,199,199,199,199,199,199,199,199,199,199,199,199,199,199,199,199,199,199,199,199,199,199,199,199,199,199,199,199,199,199,199,199,199,199,199,199,199,199,199,199,199,199,199,199,199,199,199,199,199,199,199,199,199,199,199,199,199,
199,199,199,199,199,199,199,199,199,199,199,199,199,199,199,199,199,199,199,199,199,199,199,199,199,199,199,199,199,199,199,199,199,199,199,199,199,199,199,199,199,199,199,199,199,199,199,199,199,199,199,199,199,199,199,199,199,199,199,199,199,199,199,199,199,199,199,199,199,199,199,199,199,199,199,199,199,199,199,199,199,199,199,199,199,199,199,199,199,199,199,199,199,199,199,199,199,199,199,199,199,199,199,199,199,199,199,199,199,199,199,199,199,199,199,199,199,199,199,199,199,199,199,199,
199,199,73,82,82,82,82,82,82,82,199,199,199,199,199,199,199,199,73,82,82,82,82,199,199,199,199,199,199,199,73,82,82,82,82,82,82,82,199,199,199,199,199,199,82,0,0,0,0,164,199,199,199,199,199,199,199,0,0,199,199,199,199,199,199,199,199,199,199,199,199,199,199,199,199,199,199,199,199,199,199,199,199,199,199,199,199,199,199,199,199,199,199,199,199,199,199,199,199,199,199,199,199,199,199,199,199,199,199,199,199,199,199,199,199,199,199,199,199,199,199,199,199,199,
199,199,0,0,0,0,0,0,0,0,199,199,199,199,199,199,199,199,0,0,0,0,0,199,199,199,199,199,199,199,0,0,0,0,0,0,0,0,199,199,199,199,199,0,182,191,191,191,191,91,0,199,199,199,199,0,0,191,191,0,199,199,199,199,199,199,199,199,199,199,199,199,199,199,199,199,199,199,199,199,199,199,199,199,199,199,199,199,199,199,199,199,199,199,199,199,199,199,199,199,199,199,199,199,199,199,199,199,199,199,199,199,199,199,199,199,199,199,199,199,199,199,199,199,
199,0,191,183,191,191,191,191,191,191,0,199,199,199,199,199,199,9,182,191,191,191,191,0,82,199,199,199,199,0,191,183,191,191,191,191,191,191,0,199,199,199,0,199,118,118,118,118,118,119,183,0,199,199,199,0,0,191,118,0,0,0,199,199,199,199,199,199,199,199,199,199,199,199,199,199,199,199,199,199,199,199,199,199,199,199,199,199,199,199,199,199,199,199,199,199,199,199,199,199,199,199,199,199,199,199,199,199,199,199,199,199,199,199,199,199,199,199,199,199,199,199,199,199,
199,0,191,182,118,118,118,118,118,118,0,0,82,199,199,199,9,191,118,118,118,118,118,119,109,0,199,199,199,0,191,182,118,118,118,118,118,118,0,0,82,199,0,191,119,118,119,119,119,119,119,0,199,199,199,0,0,119,118,0,0,0,199,199,199,199,199,199,199,199,199,199,199,199,199,199,199,199,199,199,199,199,199,199,199,199,199,199,199,199,199,199,199,199,199,199,199,199,199,199,199,199,199,199,199,199,199,199,199,199,199,199,199,199,199,199,199,199,199,199,199,199,199,199,
199,199,9,9,9,119,119,36,9,9,0,0,82,199,199,199,9,118,118,10,9,10,119,119,109,0,73,199,199,199,9,9,9,119,119,36,9,9,0,0,82,199,0,118,118,119,118,118,119,119,119,0,0,199,199,0,9,118,118,1,0,0,199,199,199,199,199,199,199,199,199,199,199,199,199,199,199,199,199,199,199,199,199,199,199,199,199,199,199,199,199,199,199,199,199,199,199,199,199,199,199,199,199,199,199,199,199,199,199,199,199,199,199,199,199,199,199,199,199,199,199,199,199,199,
199,199,0,0,0,119,119,91,0,0,0,0,82,199,199,199,1,118,118,1,0,0,118,119,109,0,0,199,199,199,0,0,0,119,119,91,0,0,0,0,82,199,0,191,119,92,0,0,118,119,119,0,0,199,199,0,1,191,118,0,0,0,199,199,199,199,199,199,199,199,199,199,199,199,199,199,199,199,199,199,199,199,199,199,199,199,199,199,199,199,199,199,199,199,199,199,199,199,199,199,199,199,199,199,199,199,199,199,199,199,199,199,199,199,199,199,199,199,199,199,199,199,199,199,
199,199,199,164,0,119,118,91,0,0,0,199,199,199,199,199,9,191,118,0,0,0,118,119,109,0,0,199,199,199,199,164,0,119,118,91,0,0,0,199,199,199,0,118,118,92,0,8,118,119,119,0,0,199,199,0,9,118,119,0,0,0,199,199,199,199,199,199,199,199,199,1,0,199,199,199,199,199,199,199,199,199,199,199,199,199,199,199,199,199,199,199,199,199,199,199,199,199,199,199,199,199,199,199,199,199,199,199,199,199,199,199,199,199,199,199,199,199,199,199,199,199,199,199,
199,199,199,164,0,119,118,91,0,0,199,199,199,199,199,199,1,118,118,0,0,0,118,118,109,0,0,199,199,199,199,164,0,119,118,91,0,0,199,199,199,199,0,118,118,100,18,18,118,118,119,0,0,199,199,0,9,119,119,0,0,0,199,199,199,199,199,199,199,199,19,102,118,0,199,199,199,199,199,199,199,199,199,199,199,199,199,199,199,199,199,199,199,199,199,199,199,199,199,199,199,199,199,199,199,199,199,199,199,199,199,199,199,199,199,199,199,199,199,199,199,199,199,199,
199,199,199,164,0,119,118,91,0,0,199,199,199,199,199,199,9,118,118,0,0,0,118,119,109,0,0,199,199,199,199,164,0,119,118,91,0,0,199,199,199,199,0,111,119,119,119,54,119,119,119,0,0,199,199,0,1,119,118,0,0,0,199,199,199,199,199,199,199,0,11,30,102,0,199,199,199,199,199,199,199,199,199,199,199,199,199,199,199,199,199,199,199,199,199,199,199,199,199,199,199,199,199,199,199,199,199,199,199,199,199,199,199,199,199,199,199,199,199,199,199,199,199,199,
199,199,199,164,0,110,119,91,0,0,199,199,199,199,199,199,1,102,119,0,0,0,110,119,109,0,0,199,199,199,199,164,0,110,119,91,0,0,199,199,199,199,0,103,111,111,102,119,103,111,119,0,0,199,199,0,1,38,119,0,0,0,199,199,199,199,199,199,199,9,83,85,93,0,199,199,199,199,199,199,199,199,199,199,199,199,199,199,199,199,199,199,199,199,199,199,199,199,199,199,199,199,199,199,199,199,199,199,199,199,199,199,199,199,199,199,199,199,199,199,199,199,199,199,
199,199,199,164,0,38,111,92,0,0,199,199,199,199,199,199,9,38,111,0,0,0,102,119,110,0,0,199,199,199,199,164,0,38,111,92,0,0,199,199,199,199,0,111,110,92,1,0,119,110,110,0,0,199,199,0,1,119,102,1,0,0,0,0,199,199,199,199,199,199,199,9,0,0,199,199,199,199,199,199,199,199,199,199,199,199,199,199,199,199,199,199,199,199,199,199,199,199,199,199,199,199,199,199,199,199,199,199,199,199,199,199,199,199,199,199,199,199,199,199,199,199,199,199,
199,199,199,164,0,111,39,83,0,0,199,199,199,199,199,199,9,111,102,1,0,0,119,38,101,0,0,199,199,199,199,164,0,111,39,83,0,0,199,199,199,199,0,110,111,92,0,0,110,111,119,0,0,199,199,0,1,102,119,102,119,119,102,118,9,0,199,199,199,199,199,199,199,199,199,199,199,199,199,199,199,199,199,199,199,199,199,199,199,199,199,199,199,199,199,199,199,199,199,199,199,199,199,199,199,199,199,199,199,199,199,199,199,199,199,199,199,199,199,199,199,199,199,199,
199,199,199,164,0,102,119,91,0,0,199,199,199,199,199,199,9,38,119,102,102,119,102,119,110,0,0,199,199,199,199,164,0,102,119,91,0,0,199,199,199,199,0,103,111,92,0,0,102,103,111,0,0,199,199,73,10,93,111,103,111,111,103,111,1,0,199,199,199,199,199,1,0,199,199,199,199,199,199,199,199,199,199,199,199,199,199,199,199,199,199,199,199,199,199,199,199,199,199,199,199,199,199,199,199,199,199,199,199,199,199,199,199,199,199,199,199,199,199,199,199,199,199,199,
199,199,199,164,1,30,103,83,0,0,199,199,199,199,199,199,199,19,102,30,30,111,94,18,10,0,0,199,199,199,199,164,1,30,103,83,0,0,199,199,199,199,0,94,102,92,0,0,93,103,102,0,0,199,199,199,199,1,102,94,102,103,94,102,1,0,0,199,199,199,19,102,118,0,199,199,199,199,199,199,199,199,199,199,199,199,199,199,199,199,199,199,199,199,199,199,199,199,199,199,199,199,199,199,199,199,199,199,199,199,199,199,199,199,199,199,199,199,199,199,199,199,199,199,
199,199,199,99,1,94,103,83,0,0,199,199,199,199,199,199,199,0,102,94,94,102,94,1,0,0,0,199,199,199,199,99,1,94,103,83,0,0,199,199,199,199,199,0,1,0,0,0,0,1,0,0,0,199,199,199,199,199,0,0,0,0,0,1,0,0,0,199,199,0,11,30,102,0,199,199,199,199,199,199,199,199,199,199,199,199,199,199,199,199,199,199,199,199,199,199,199,199,199,199,199,199,199,199,199,199,199,199,199,199,199,199,199,199,199,199,199,199,199,199,199,199,199,199,
199,199,199,199,199,0,0,0,0,0,199,199,199,199,199,199,199,199,0,0,0,0,0,1,0,0,199,199,199,199,199,199,199,0,0,0,0,0,199,199,199,199,199,199,0,0,0,199,199,0,0,0,199,199,199,199,199,199,199,0,0,0,0,0,0,0,199,199,199,9,83,85,93,0,199,199,199,199,199,199,199,199,199,199,199,199,199,199,199,199,199,199,199,199,199,199,199,199,199,199,199,199,199,199,199,199,199,199,199,199,199,199,199,199,199,199,199,199,199,199,199,199,199,199,
199,199,199,199,199,199,0,0,82,199,199,199,199,199,199,199,199,199,199,0,0,0,0,0,73,199,199,199,199,199,199,199,199,199,0,0,82,199,199,199,199,199,199,199,0,0,73,199,199,0,73,73,199,199,199,199,199,199,199,73,73,73,73,73,73,73,199,199,199,199,199,9,0,0,199,199,199,199,199,199,199,199,199,199,199,199,199,199,199,199,199,199,199,199,199,199,199,199,199,199,199,199,199,199,199,199,199,199,199,199,199,199,199,199,199,199,199,199,199,199,199,199,199,199,
199,199,199,199,199,199,199,199,199,199,199,199,199,199,199,199,199,199,199,199,199,199,199,199,199,199,199,199,199,199,199,199,199,199,199,199,199,199,199,199,199,199,199,199,199,199,199,199,199,199,199,199,199,199,199,199,199,199,199,199,199,199,199,199,199,199,199,199,199,199,199,199,199,199,199,199,199,199,199,199,199,199,199,199,199,199,199,199,199,199,199,199,199,199,199,199,199,199,199,199,199,199,199,199,199,199,199,199,199,199,199,199,199,199,199,199,199,199,199,199,199,199,199,199,
199,199,199,199,199,199,199,199,199,199,199,199,199,199,199,199,199,199,199,199,199,199,199,199,199,199,199,199,199,199,199,199,199,199,199,199,199,199,199,199,199,199,199,199,199,199,199,199,199,199,199,199,199,199,199,199,199,199,199,199,199,199,199,199,199,199,199,199,199,199,199,199,199,199,199,199,199,199,199,199,199,199,199,199,199,199,199,199,199,199,199,199,199,199,199,199,199,199,199,199,199,199,199,199,199,199,199,199,199,199,199,199,199,199,199,199,199,199,199,199,199,199,199,199,
199,199,199,199,199,199,199,199,199,199,199,199,199,199,199,199,199,199,199,199,199,199,199,199,199,199,199,199,199,199,199,199,199,199,199,199,199,199,199,199,199,199,199,199,199,199,199,199,199,199,199,199,199,199,199,199,199,199,199,199,199,199,199,199,199,199,199,199,199,199,199,199,199,199,199,199,199,199,199,199,199,199,199,199,199,199,199,199,199,199,199,199,199,199,199,199,199,199,199,199,199,199,199,199,199,199,199,199,199,199,199,199,199,199,199,199,199,199,199,199,199,199,199,199,
199,199,199,199,199,199,199,199,199,199,199,199,199,199,199,199,199,199,199,199,199,199,199,199,199,199,199,199,199,199,199,199,199,199,199,199,199,199,199,199,199,199,199,199,199,199,199,199,199,199,199,199,199,199,199,199,199,199,199,199,199,199,199,199,199,199,199,199,199,199,199,199,199,199,199,199,199,199,199,199,199,199,199,199,199,199,199,199,199,199,199,199,199,199,199,199,199,199,199,199,199,199,199,199,199,199,199,199,199,199,199,199,199,199,199,199,199,199,199,199,199,199,199,199,
199,199,199,199,199,199,199,199,199,199,199,199,199,199,199,199,199,199,199,199,199,199,199,199,199,199,199,199,199,199,199,199,199,199,199,199,199,199,199,199,199,199,199,199,199,199,199,199,199,199,199,199,199,199,199,199,199,199,199,199,199,199,199,199,199,199,199,199,199,199,199,199,199,199,199,199,199,199,199,199,199,199,199,199,199,199,199,199,199,199,199,199,199,199,199,199,199,199,199,199,199,199,199,199,199,199,199,199,199,199,199,199,199,199,199,199,199,199,199,199,199,199,199,199,
199,199,199,199,199,199,199,199,199,199,199,199,199,199,199,199,199,199,199,199,199,199,199,199,199,199,199,199,199,199,199,199,199,199,199,199,199,199,199,199,199,199,199,199,199,199,199,199,199,199,199,199,199,199,199,199,199,199,199,199,199,199,199,199,199,199,199,199,199,199,199,199,199,199,199,199,199,199,199,199,199,199,199,199,199,199,199,199,199,199,199,199,199,199,199,199,199,199,199,199,199,199,199,199,199,199,199,199,199,199,199,199,199,199,199,199,199,199,199,199,199,199,199,199,


